0.844422 0.757954 0.420572
0.258917 0.511275 0.404934
0.783799 0.303313 0.476597
0.583382 0.908113 0.504687
0.281838 0.755804 0.618369
0.250506 0.909746 0.982785
0.810217 0.902166 0.310148
0.729832 0.898838 0.683984
0.472143 0.100701 0.434172
0.610887 0.913011 0.966606
0.477010 0.865310 0.260492
0.805028 0.548699 0.014042
0.719705 0.398824 0.824845
0.668153 0.001143 0.493578
0.867603 0.243911 0.325204
0.870471 0.191067 0.567511
0.238616 0.967540 0.803179
0.447970 0.080446 0.320055
0.507941 0.932834 0.109058
0.551267 0.706561 0.547441
0.814467 0.540284 0.963839
0.603186 0.587617 0.444989
0.596287 0.384901 0.575651
0.290330 0.189391 0.186730
0.612773 0.656659 0.476531
0.089824 0.757604 0.876770
0.923381 0.842460 0.898173
0.923082 0.540600 0.391296
0.705283 0.275634 0.811629
0.849486 0.895039 0.589801
0.949765 0.579695 0.450563
0.660245 0.996258 0.916941
0.793325 0.082373 0.612783
0.486444 0.630147 0.845078
0.243036 0.731489 0.117134
0.220461 0.794583 0.332536
0.815913 0.100608 0.146358
0.697671 0.045234 0.573866
0.910016 0.534198 0.680589
0.026697 0.635000 0.606338
0.575953 0.391209 0.370140
0.980517 0.036392 0.021637
0.961031 0.184972 0.123895
0.210577 0.800747 0.936969
0.022783 0.425619 0.101500
0.259920 0.220829 0.646926
0.350294 0.180318 0.503637
0.039379 0.100921 0.988235
0.199356 0.358555 0.731598
0.838327 0.918482 0.169425
0.672641 0.966549 0.058051
0.676202 0.845425 0.342313
0.250687 0.596791 0.442314
0.174819 0.471625 0.409905
0.569113 0.508600 0.311446
0.357152 0.837661 0.250933
0.560600 0.012436 0.741574
0.335917 0.045696 0.280883
0.240130 0.953129 0.352226
0.287878 0.359201 0.946906
0.633748 0.621077 0.715619
0.388017 0.414418 0.650833
0.001524 0.192310 0.334402
0.239416 0.637399 0.378648
0.875423 0.568151 0.414406
0.402267 0.701830 0.418227
0.662196 0.046780 0.445352
0.259227 0.157687 0.527573
0.487266 0.561405 0.755485
0.883875 0.494583 0.312058
0.466892 0.809046 0.875016
0.812415 0.188001 0.999420
0.633089 0.083467 0.725554
0.986821 0.401817 0.678515
0.316177 0.213525 0.717324
0.002358 0.822731 0.528346
0.097784 0.118904 0.649265
0.873654 0.279983 0.978515
0.100181 0.853938 0.396696
0.081345 0.274714 0.452978
0.792342 0.861360 0.133421
0.520866 0.650783 0.347053
0.871864 0.278410 0.018574
0.040663 0.680997 0.558356
0.946503 0.938439 0.909851
0.042005 0.749135 0.701325
0.655362 0.712358 0.902710
0.640141 0.372449 0.537929
0.207844 0.587126 0.008897
0.151023 0.333408 0.789623
0.718499 0.338256 0.620538
0.041203 0.163861 0.981914
0.289531 0.394792 0.548484
0.293407 0.478065 0.239706
0.048256 0.179587 0.523050
0.070863 0.403169 0.328521
0.414722 0.099400 0.908658
0.474005 0.840848 0.976229
0.343652 0.479087 0.699595
0.426535 0.301903 0.734751
