0.134364 0.847434 0.763775
0.255069 0.495435 0.449491
0.651593 0.788723 0.093860
0.028347 0.835765 0.432767
0.762280 0.002106 0.445387
0.721540 0.228762 0.945271
0.901427 0.030590 0.025446
0.541412 0.939149 0.381204
0.216599 0.422117 0.029041
0.221692 0.437888 0.495812
0.233084 0.230867 0.218781
0.459603 0.289782 0.021490
0.837578 0.556454 0.642294
0.185906 0.992543 0.859947
0.120890 0.332695 0.721484
0.711192 0.936441 0.422107
0.830036 0.670306 0.303369
0.587581 0.882479 0.846197
0.505284 0.589002 0.034526
0.242740 0.797404 0.414314
0.173007 0.548799 0.703041
0.674486 0.374703 0.438962
0.508426 0.778443 0.520938
0.393255 0.489694 0.029575
0.043487 0.703382 0.983188
0.593184 0.393600 0.170349
0.502239 0.982077 0.770523
0.539617 0.860290 0.232176
0.513772 0.952467 0.577795
0.459132 0.269279 0.547996
0.957116 0.005709 0.783655
0.820486 0.886180 0.740503
0.809140 0.518678 0.561358
0.426091 0.056123 0.870010
0.569999 0.199839 0.504720
0.484925 0.356790 0.346078
0.538479 0.623489 0.612452
0.458147 0.027975 0.229605
0.177211 0.584461 0.861009
0.798439 0.797098 0.816437
0.255294 0.841745 0.673114
0.083234 0.016691 0.014560
0.755587 0.249559 0.109489
0.624802 0.344423 0.069515
0.159626 0.527380 0.168145
0.272914 0.711590 0.454702
0.322002 0.473771 0.023635
0.386557 0.420919 0.188039
0.108762 0.899819 0.510116
0.209091 0.605649 0.817040
0.020818 0.017865 0.146462
0.718835 0.160228 0.704606
0.678176 0.544702 0.220600
0.975595 0.797811 0.516600
0.223196 0.648506 0.394898
0.575846 0.321246 0.630948
0.058785 0.298606 0.967903
0.875534 0.306387 0.858514
0.310364 0.939288 0.743842
0.416172 0.252358 0.008480
0.878718 0.037917 0.819414
0.962201 0.570281 0.171517
0.867781 0.973775 0.704023
0.508874 0.377969 0.346931
0.205762 0.674153 0.432950
0.194119 0.104424 0.665958
0.296073 0.499800 0.325346
0.871622 0.899678 0.018093
0.200853 0.327741 0.987050
0.782700 0.339096 0.213030
0.674455 0.837701 0.932187
0.343850 0.882393 0.687110
0.484499 0.985508 0.234640
0.725465 0.084680 0.169694
0.910988 0.212968 0.759116
0.600209 0.841132 0.368108
0.340285 0.291215 0.867420
0.603983 0.954307 0.887265
0.135346 0.551170 0.104275
0.039138 0.073193 0.866168
0.788116 0.828506 0.340897
0.615186 0.781904 0.378040
0.570782 0.223714 0.081743
0.266724 0.890768 0.564447
0.925067 0.457769 0.277183
0.787015 0.827768 0.012382
0.670412 0.091683 0.115102
0.885060 0.040024 0.239633
0.988158 0.421014 0.115558
0.167383 0.241420 0.744006
0.102834 0.910764 0.378277
0.970264 0.909223 0.294024
0.253410 0.477010 0.100129
0.652050 0.039620 0.010506
0.982584 0.295550 0.596571
0.449845 0.313281 0.062965
0.913392 0.969813 0.969797
0.111362 0.215193 0.617807
0.979953 0.542913 0.688190
0.661834 0.259086 0.541602
